tags: []
importance: 90
created_at: 2026-04-04T17:13:41.64882Z
updated_at: 2026-04-04T17:14:09.300247Z
